image_width: 672
image_height: 376
camera_name: narrow_stereo/left
camera_matrix:
  rows: 3
  cols: 3
  data: [358.046796, 0.000000, 348.970197, 0.000000, 356.895335, 188.596037, 0.000000, 0.000000, 1.000000]
distortion_model: plumb_bob
distortion_coefficients:
  rows: 1
  cols: 5
  data: [-0.162911, 0.020345, 0.002033, 0.000792, 0.000000]
rectification_matrix:
  rows: 3
  cols: 3
  data: [0.999985, -0.003809, 0.003837, 0.003747, 0.999867, 0.015885, -0.003897, -0.015870, 0.999866]
projection_matrix:
  rows: 3
  cols: 4
  data: [342.944292, 0.000000, 355.561680, 0.000000, 0.000000, 342.944292, 183.207916, 0.000000, 0.000000, 0.000000, 1.000000, 0.000000]
