# oST version 5.0 parameters


[image]

width
672

height
376

[narrow_stereo/left]

camera matrix
358.046796 0.000000 348.970197
0.000000 356.895335 188.596037
0.000000 0.000000 1.000000

distortion
-0.162911 0.020345 0.002033 0.000792 0.000000

rectification
0.999985 -0.003809 0.003837
0.003747 0.999867 0.015885
-0.003897 -0.015870 0.999866

projection
342.944292 0.000000 355.561680 0.000000
0.000000 342.944292 183.207916 0.000000
0.000000 0.000000 1.000000 0.000000

# oST version 5.0 parameters


[image]

width
672

height
376

[narrow_stereo/right]

camera matrix
361.129419 0.000000 333.766136
0.000000 358.759621 176.540246
0.000000 0.000000 1.000000

distortion
-0.167895 0.025645 -0.000010 0.002589 0.000000

rectification
0.999775 -0.006768 -0.020116
0.006448 0.999852 -0.015943
0.020221 0.015810 0.999671

projection
342.944292 0.000000 355.561680 -42.861739
0.000000 342.944292 183.207916 0.000000
0.000000 0.000000 1.000000 0.000000

