[LEFT_CAM_2K]
cx = 1167.84
cy = 617.881
fx = 1400.04
fy = 1400.04
k1 = -0.16798
k2 = 0.0209567

[LEFT_CAM_FHD]
cx=1023.84
cy=536.881
fx=1400.04
fy=1400.04
k1=-0.16798
k2=0.0209567

[LEFT_CAM_HD]
cx=670.418
cy=356.94
fx=700.022
fy=700.022
k1=-0.16798
k2=0.0209567

[LEFT_CAM_VGA]
cx=350.21
cy=185.47
fx=350.01
fy=350.01
k1=-0.16798
k2=0.0209567

[RIGHT_CAM_2K]
cx=1103.27
cy=601.148
fx=1400.07
fy=1400.07
k1=-0.169598
k2=0.0226826

[RIGHT_CAM_FHD]
cx=959.271
cy=520.148
fx=1400.07
fy=1400.07
k1=-0.169598
k2=0.0226826

[RIGHT_CAM_HD]
cx=638.136
cy=348.574
fx=700.035
fy=700.035
k1=-0.169598
k2=0.0226826

[RIGHT_CAM_VGA]
cx=334.068
cy=181.287
fx=350.017
fy=350.017
k1=-0.169598
k2=0.0226826

[STEREO]
BaseLine=120
CV_2K=0.0170791
CV_FHD=0.0170791
CV_HD=0.0170791
CV_VGA=0.0170791
RX_2K=-0.00703516
RX_FHD=-0.00703516
RX_HD=-0.00703516
RX_VGA=-0.00703516
RZ_2K=-0.000928755
RZ_FHD=-0.000928755
RZ_HD=-0.000928755
RZ_VGA=-0.000928755
